979
2744
5409
1364
4948
4994
5089
703
1994
4637
2228
4004
1088
2812
170
5179
2614
238
4523
4849
3592
3258
1951
3440
3977
1247
4076
1824
4759
4855
5430
347
974
5180
5159
3074
4462
3600
5824
1490
1941
4744
855
4940
1442
792
609
254
2203
2343
2550
1955
5513
4725
2935
4024
4979
5765
625
2888
924
5989
4119
1572
176
2773
3800
200
3389
4245
3849
3170
4773
2344
1413
292
2603
4694
5579
4012
5584
5352
3293
5516
1008
5395
545
3340
4967
2050
870
2462
2606
4850
4731
450
4052
1279
2506
3937
396
222
3928
2557
3070
444
2599
3462
2418
1180
3290
2046
493
2708
3650
973
57
1846
3300
265
3572
3543
4439
1807
2901
1199
2001
4784
1579
1227
1482
5656
1116
5047
774
3544
3369
1313
984
5002
2889
3439
1860
4113
3522
5652
4101
2226
5552
3570
3368
5275
1650
755
3589
5262
2335
1678
2721
4746
1629
4664
5018
5296
3222
2666
3766
4294
5303
1876
4891
2543
4493
4197
3753
4652
5379
3880
3433
4318
4140
1329
4078
5542
3251
4669
1528
2247
3082
1170
4298
4541
4858
3294
1468
4383
2092
2859
5258
3951
1820
4774
1361
1069
3755
334
2502
1569
4349
5916
3446
274
5624
207
2281
5323
642
5835
3345
439
3918
574
3505
5165
4112
1759
5598
4305
1338
2030
3167
2044
413
3534
1702
270
2378
3888
2360
4988
4435
1322
5714
2321
1635
3260
2157
1453
4022
2319
2733
210
3500
4177
633
3303
1092
4166
4797
3023
2496
4282
4086
4883
640
2940
107
894
2210
72
4962
797
2701
5925
2895
43
4091
4169
1828
1988
2475
323
5735
772
3771
3933
124
2865
983
2271
3889
1211
4106
5363
5111
4411
4273
2422
3042
3594
5215
4818
5290
4687
1284
1902
5591
3349
1698
4572
2836
4073
7
3523
1857
3360
2816
2222
2850
5577
2722
3822
3284
1831
3801
2270
5744
3524
3009
3616
660
4709
511
4785
837
4333
3037
4514
3805
5637
5799
3266
786
853
1606
3665
4415
1764
1641
303
4459
534
2619
3857
5170
949
3233
2403
1568
2628
648
2003
5224
3280
3887
3924
5887
496
2977
2724
5998
3421
5657
2427
687
4532
405
4537
2162
4324
5222
5326
1891
374
1920
2698
1577
5467
4189
1667
2663
2842
4342
276
5729
1266
1020
4951
4542
3199
769
141
1094
883
494
2960
5512
422
5044
5078
2877
5893
4798
4244
2324
416
3940
2258
2574
683
4566
964
2410
5509
4592
1005
5739
2386
4148
541
5888
1449
4766
4635
552
5053
903
2453
2140
5693
3586
3205
2643
5882
811
3716
1903
160
5904
21
4108
4666
3981
2175
851
5655
169
4368
5802
3533
732
2230
2650
4649
2556
515
90
5155
2265
560
4538
4055
2159
5103
525
1663
876
2372
2373
4640
4747
4727
1647
4460
4643
4328
1634
3227
5062
1755
4265
3263
3313
2919
805
5407
1753
847
4684
3498
2333
1290
4827
4812
5265
2514
4267
1198
5160
646
4521
1609
4002
2000
5312
2261
4993
5251
551
4885
5803
1360
418
4511
4809
417
2106
3991
3010
866
48
5569
5718
2815
5353
3715
400
5588
5425
3442
3051
2123
4613
3189
3452
4317
1411
4271
677
1238
4842
4291
1819
5257
4377
3356
889
800
4202
3654
3530
2910
2749
3517
3443
3020
719
2539
2705
1885
2578
3432
3174
2494
1191
2041
1898
468
4424
1756
4449
4175
3863
34
5132
3950
5376
4087
570
4090
112
3974
4831
5619
4370
3324
1051
4949
3429
3008
3448
5125
242
1267
5699
192
5990
4421
5010
186
4374
2071
5106
1670
1945
1852
2352
3562
5502
2568
1303
1342
2209
1044
1214
1989
5269
4586
2796
5999
3898
5496
988
4292
1467
1328
1132
1765
5962
70
2848
562
171
1212
3347
3267
2081
5479
2047
5503
3731
5112
2728
1463
4110
601
1742
2933
506
5963
4334
2855
2719
2963
1922
3690
5737
5124
4753
4620
1103
1040
3269
2376
4991
728
3972
2248
2776
803
4357
2689
1174
3465
1615
5631
4571
429
4823
1762
481
3000
4311
2957
2636
2983
3948
4188
2032
2631
4083
2989
5138
2521
2067
5549
2064
664
1022
2916
3688
5090
4933
4495
2976
5048
1296
2021
3607
5913
5458
134
4588
5745
3674
2369
5418
4550
2920
206
5865
3638
1154
976
4763
2598
4895
3437
1672
5207
4816
3028
4737
2696
5176
5001
3123
2193
4646
2973
5957
1630
4768
901
3371
3990
2101
4473
1273
1767
3746
3286
1168
3598
2249
977
3234
5623
3873
2477
2160
4942
2879
1703
1484
66
1384
1913
4151
3633
1525
128
4608
5416
520
3177
5589
4457
3119
4678
3820
2267
1014
1242
654
477
2725
5171
1042
1625
2714
1772
1868
1380
1787
2221
4524
2419
5886
5859
2789
2678
1151
5951
2300
839
744
3536
5683
2778
3768
767
3305
1479
84
2517
294
2808
3624
26
3733
3710
4419
111
241
2364
1441
2969
1401
1061
736
1930
571
1645
3078
2560
2700
4956
204
4337
5024
1907
3511
802
4213
2017
1481
5025
1378
5814
1171
4103
3790
4171
1850
102
1156
1631
3757
2863
3729
3185
2232
4275
2787
449
22
1104
881
5469
1738
1395
5284
4703
460
2053
1830
4260
1821
5032
5460
821
689
1896
5596
5695
1669
4437
3619
4976
2894
4180
2860
1751
4389
4660
2857
3135
5858
5484
1786
5801
5682
2754
4822
5852
443
5210
3714
1875
1414
5864
325
1015
3458
4851
3557
2379
122
4082
915
1147
3086
3583
2823
3053
4544
4231
3509
5587
3213
2797
4701
4099
4114
3133
5489
5042
3079
2339
1222
3390
5362
5142
1601
3457
4598
2048
5039
2652
2544
5766
863
2152
827
2305
2880
3376
681
3372
198
3653
293
384
5487
4710
2491
4181
2234
386
1447
533
2828
5853
3052
908
3309
522
1140
4735
2033
2212
4105
3628
923
5756
5862
4063
729
4732
1534
5074
4058
5245
4423
5647
314
1239
5543
4913
1381
1974
2266
5432
1244
2201
2530
94
5428
1157
3601
80
4379
2788
4693
2509
1749
3814
5406
226
1538
4663
5195
4344
5360
1236
3615
2504
2368
4577
3121
679
1578
2286
86
4489
2684
4186
2897
990
1622
5838
2658
3882
4229
975
2995
2382
17
1186
2825
4348
2616
3159
969
2932
5698
4896
1053
3069
77
1362
4796
4402
4657
1799
2908
188
3101
5263
5645
5785
5983
5592
5151
2171
5161
5316
5921
5924
1256
626
780
29
1637
673
4805
4981
880
452
4501
1302
655
4230
3268
4605
5246
1458
3270
2552
1283
1464
5375
100
1571
2121
5538
2762
5441
5659
2466
2174
818
3491
209
76
907
1093
3929
575
5372
1017
5322
3552
2747
2051
3377
5054
4057
5109
2350
4343
947
3143
2415
5104
2911
3299
2501
5849
1815
5578
3900
3175
3547
917
4095
4741
3339
5850
3378
4363
2173
4957
232
3482
2730
1671
5988
3311
5328
291
5080
4115
3328
2981
2595
2059
1192
3719
2312
1398
4754
2791
3732
4233
518
3279
737
1768
5517
455
4182
631
5523
3671
2600
1503
1200
282
1559
4583
201
1585
4436
4952
2093
5166
4455
779
2277
4504
2694
888
3982
5764
5145
4820
898
96
3618
4079
3292
4417
1382
2669
3485
5186
5626
4916
4416
5070
231
2751
992
4405
1451
1628
3156
1693
5450
674
1099
733
2200
1444
572
1888
5184
1957
2444
116
356
4210
3705
861
5295
2068
5880
5357
2588
4026
600
3526
3868
5408
5401
5266
3399
5818
2402
4576
3106
5738
2782
5778
1530
3620
934
2608
1985
98
1878
1209
2681
563
3999
3392
944
4200
322
2043
632
3626
224
5011
1834
4118
536
1934
152
4021
3663
2037
1535
3140
5069
3794
4464
2035
1320
5476
2314
3904
5610
4546
394
216
2260
4573
669
5982
4999
4336
3608
475
181
602
4306
4615
893
5099
762
1254
3503
1727
1272
5278
1000
3098
2968
5302
750
4861
5098
4564
3357
5442
5702
486
4534
4330
1393
262
2834
1679
4242
1452
99
3853
4531
1119
2592
4408
807
2438
1718
5466
4217
2227
5547
5427
85
3366
5426
4015
4675
5704
2793
5200
213
1195
3315
2141
1175
5570
2476
5268
4300
1924
613
5993
5931
67
1278
3770
4824
993
4319
2155
1939
4513
6000
1721
1058
4539
5741
307
5906
4161
5402
2359
3401
1617
5310
2756
594
5444
4888
4033
652
778
2781
1811
592
1623
4372
618
5980
616
4251
879
1964
3215
1607
5474
4589
4221
3111
1697
5027
4322
3460
2867
1965
376
3129
4954
5485
738
1781
1263
1722
3113
1632
4668
1969
1306
2729
3154
484
1367
4157
2770
1716
4160
1855
1128
4201
4581
5014
4102
2809
2239
287
4038
5228
4031
4272
5664
3668
2734
2625
4535
433
5968
5482
593
708
5938
5883
5344
2876
2108
2870
2527
64
4690
912
321
3030
696
2950
3495
2948
1874
4443
1952
970
663
4243
2435
1423
2903
3201
5201
2811
5636
5525
37
3821
1243
3875
1129
2351
4974
2519
1638
5143
4376
945
4860
3911
3759
1936
2774
237
1927
723
5123
1111
3508
3207
1077
5910
3387
2384
3108
3407
4094
1351
937
5055
3764
2597
3342
3265
2798
4526
375
5026
2670
103
5133
1289
5300
445
5347
2913
5187
806
4276
1866
1754
791
2331
5440
5611
4750
1711
4420
5949
1960
2115
3784
1397
3126
1884
2794
5396
5359
2122
5240
1701
330
4283
1081
5621
2980
2317
4647
1904
4945
2102
3919
1887
590
5230
3015
3837
264
1968
3819
119
5034
3952
2822
5923
2944
3788
3065
4173
5127
5208
5181
1983
3332
2640
1590
1326
748
2262
4853
2890
4227
2510
1327
498
1288
997
1542
4017
5613
887
1775
3481
3843
5752
4270
2280
5800
3475
2515
3236
5066
4390
3777
2641
1415
4905
260
3088
5604
2107
2142
491
4982
2163
3644
5964
852
4036
5093
1188
4279
2769
1935
2029
1105
2061
4758
3969
474
4259
4414
1090
115
5051
2802
398
1700
1
3016
4361
4595
4556
1506
3855
4865
495
3779
5795
3540
2168
4384
20
2411
1962
2991
5298
4392
3738
272
2541
1823
4397
5437
285
5787
3502
3883
5526
3932
3216
3958
5412
5287
1556
3545
2601
1732
2851
362
874
4565
3281
4862
3278
747
788
2526
203
4164
4931
35
2582
3158
61
5193
5505
5404
4543
2103
5760
2999
1689
4807
3921
1773
3656
5582
547
5966
4467
2806
132
2450
1948
5121
1437
1800
694
4645
38
4046
524
5708
1107
1516
354
1953
4296
1434
5226
4600
2605
675
3470
813
928
118
2691
4781
2817
3435
3774
4088
1971
483
1869
3813
2301
4890
3307
3373
408
2609
1694
3087
4934
1653
402
1980
2325
910
5899
5447
2620
412
2528
2508
3499
3988
3226
617
521
162
3211
3471
1736
1311
1788
1477
2707
2275
3756
390
1549
3828
1062
432
2845
3276
4648
1648
1355
4048
3182
2520
2176
5114
5017
2507
4179
1271
1315
3090
3830
3782
5137
5282
3445
220
935
4139
971
2629
3872
1048
3501
1651
2731
441
5874
670
3906
5234
1839
1961
296
3049
2522
5580
1915
3588
371
197
3561
2982
2099
4147
3094
1938
5140
4825
5731
195
1281
3494
2448
2576
2532
3254
556
1418
4409
4619
3289
1806
215
776
2394
918
278
4003
3978
5457
742
4549
5677
680
2185
5870
4167
471
1340
163
1375
2529
1352
4158
428
2538
5950
4517
3816
2467
2979
3047
1177
2516
5434
2154
2082
4394
4064
146
4143
1113
5045
3983
1826
336
2929
2295
4787
911
3061
5015
942
5793
1780
5259
3941
3235
3186
1682
653
4183
3058
5229
5203
5730
2254
461
4255
526
2804
1460
5555
5077
1871
3975
4614
1909
4779
2555
248
3892
5633
5185
5510
5063
4748
2659
833
1253
4126
4757
1558