979
2744
5409
1364
4948
4994
5089
703
1994
4637
2228
4004
1088
2812
170
5179
2614
238
4523
4849
3592
3258
1951
3440
3977
1247
4076
1824
4759
4855
5430
347
974
5180
5159
3074
4462
3600
5824
1490
1941
4744
855
4940
1442
792
609
254
2203
2343
2550
1955
5513
4725
2935
4024
4979
5765
625
2888
924
5989
4119
1572
176
2773
3800
200
3389
4245
3849
3170
4773
2344
1413
292
2603
4694
5579
4012
5584
5352
3293
5516
1008
5395
545
3340
4967
2050
870
2462
2606
4850
4731
450
4052
1279
2506
3937
396
222
3928
2557
3070
444
2599
3462
2418
1180
3290
2046
493
2708
3650
973
57
1846
3300
265
3572
3543
4439
1807
2901
1199
2001
4784
1579
1227
1482
5656
1116
5047
774
3544
3369
1313
984
5002
2889
3439
1860
4113
3522
5652
4101
2226
5552
3570
3368
5275
1650
755
3589
5262
2335
1678
2721
4746
1629
4664
5018
5296
3222
2666
3766
4294
5303
1876
4891
2543
4493
4197
3753
4652
5379
3880
3433
4318
4140
1329
4078
5542
3251
4669
1528
2247
3082
1170
4298
4541
4858
3294
1468
4383
2092
2859
5258
3951
1820
4774
1361
1069
3755
334
2502
1569
4349
5916
3446
274
5624
207
2281
5323
642
5835
3345
439
3918
574
3505
5165
4112
1759
5598
4305
1338
2030
3167
2044
413
3534
1702
270
2378
3888
2360
4988
4435
1322
5714
2321
1635
3260
2157
1453
4022
2319
2733
210
3500
4177
633
3303
1092
4166
4797
3023
2496
4282
4086
4883
640
2940
107
894
2210
72
4962
797
2701
5925
2895
43
4091
4169
1828
1988
2475
323
5735
772
3771
3933
124
2865
983
2271
3889
1211
4106
5363
5111
4411
4273
2422
3042
3594
5215
4818
5290
4687
1284
1902
5591
3349
1698
4572
2836
4073
7
3523
1857
3360
2816
2222
2850
5577
2722
3822
3284
1831
3801
2270
5744
3524
3009
3616
660
4709
511
4785
837
4333
3037
4514
3805
5637
5799
3266
786
853
1606
3665
4415
1764
1641
303
4459
534
2619
3857
5170
949
3233
2403
1568
2628
648
2003
5224
3280
3887
3924
5887
496
2977
2724
5998
3421
5657
2427
687
4532
405
4537
2162
4324
5222
5326
1891
374
1920
2698
1577
5467
4189
1667
2663
2842
4342
276
5729
1266
1020
4951
4542
3199
769
141
1094
883
494
2960
5512
422
5044
5078
2877
5893
4798
4244
2324
416
3940
2258
2574
683
4566
964
2410
5509
4592
1005
5739
2386
4148
541
5888
1449
4766
4635
552
5053
903
2453
2140
5693
3586
3205
2643
5882
811
3716
1903
160
5904
21
4108
4666
3981
2175
851
5655
169
4368
5802
3533
732
2230
2650
4649
2556
515
90
5155
2265
560
4538
4055
2159
5103
525
1663
876
2372
2373
4640
4747
4727
1647
4460
4643
4328
1634
3227
5062
1755
4265
3263
3313
2919
805
5407
1753
847
4684
3498
2333
1290
4827
4812
5265
2514
4267
1198
5160
646
4521
1609
4002
2000
5312
2261
4993
5251
551
4885
5803
1360
418
4511
4809
417
2106
3991
3010
866
48
5569
5718
2815
5353
3715
400
5588
5425
3442
3051
2123
4613
3189
3452
4317
1411
4271
677
1238
4842
4291
1819
5257
4377
3356
889
800
4202
3654
3530
2910
2749
3517
3443
3020
719
2539
2705
1885
2578
3432
3174
2494
1191
2041
1898
468
4424
1756
4449
4175
3863
34
5132
3950
5376
4087
570
4090
112
3974
4831
5619
4370
3324
1051
4949
3429
3008
3448
5125
242
1267
5699
192
5990
4421
5010
186
4374
2071
5106
1670
1945
1852
2352
3562
5502
2568
1303
1342
2209
1044
1214
1989
5269
4586
2796
5999
3898
5496
988
4292
1467
1328
1132
1765
5962
70
2848
562
171
1212
3347
3267
2081
5479
2047
5503
3731
5112
2728
1463
4110
601
1742
2933
506
5963
4334
2855
2719
2963
1922
3690
5737
5124
4753
4620
1103
1040
3269
2376
4991
728
3972
2248
2776
803
4357
2689
1174
3465
1615
5631
4571
429
4823
1762
481
3000
4311
2957
2636
2983
3948
4188
2032
2631
4083
2989
5138
2521
2067
5549
2064
664
1022
2916
3688
5090
4933
4495
2976
5048
1296
2021
3607
5913
5458
134
4588
5745
3674
2369
5418
4550
2920
206
5865
3638
1154
976
4763
2598
4895
3437
1672
5207
4816
3028
4737
2696
5176
5001
3123
2193
4646
2973
5957
1630
4768
901
3371
3990
2101
4473
1273
1767
3746
3286
1168
3598
2249
977
3234
5623
3873
2477
2160
4942
2879
1703
1484
66
1384
1913
4151
3633
1525
128
4608
5416
520
3177
5589
4457
3119
4678
3820
2267
1014
1242
654
477
2725
5171
1042
1625
2714
1772
1868
1380
1787
2221
4524
2419
5886
5859
2789
2678
1151
5951
2300
839
744
3536
5683
2778
3768
767
3305
1479
84
2517
294
2808
3624
26
3733
3710
4419
111
241
2364
1441
2969
1401
1061
736
1930
571
1645
3078
2560
2700
4956
204
4337
5024
1907
3511
802
4213
2017
1481
5025
1378
5814
1171
4103
3790
4171
1850
102
1156
1631
3757
2863
3729
3185
2232
4275
2787
449
22
1104
881
5469
1738
1395
5284
4703
460
2053
1830
4260
1821
5032
5460
821
689
1896
5596
5695
1669
4437
3619
4976
2894
4180
2860
1751
4389
4660
2857
3135
5858
5484
1786
5801
5682
2754
4822
5852
443
5210
3714
1875
1414
5864
325
1015
3458
4851
3557
2379
122
4082
915
1147
3086
3583
2823
3053
4544
4231
3509
5587
3213
2797
4701
4099
4114
3133
5489
5042
3079
2339
1222
3390
5362
5142
1601
3457
4598
2048
5039
2652
2544
5766
863
2152
827
2305
2880
3376
681
3372
198
3653
293
384
5487
4710
2491
4181
2234
386
1447
533
2828
5853
3052
908
3309
522
1140
4735
2033
2212
4105
3628
923
5756
5862
4063
729
4732