979
2744
5409
1364
4948
4994
5089
703
1994
4637
2228
4004
1088
2812
170
5179
2614
238
4523
4849
3592
3258
1951
3440
3977
1247
4076
1824
4759
4855
5430
347
974
5180
5159
3074
4462
3600
5824
1490
1941
4744
855
4940
1442
792
609
254
2203
2343
2550
1955
5513
4725
2935
4024
4979
5765
625
2888
924
5989
4119
1572
176
2773
3800
200
3389
4245
3849
3170
4773
2344
1413
292
2603
4694
5579
4012
5584
5352
3293
5516
1008
5395
545
3340
4967
2050
870
2462
2606
4850
4731
450
4052
1279
2506
3937
396
222
3928
2557
3070
444
2599
3462
2418
1180
3290
2046
493
2708
3650
973
57
1846
3300
265
3572
3543
4439
1807
2901
1199
2001
4784
1579
1227
1482
5656
1116
5047
774
3544
3369
1313
984
5002
2889
3439
1860
4113
3522
5652
4101
2226
5552
3570
3368
5275
1650
755
3589
5262
2335
1678
2721
4746
1629
4664
5018
5296
3222
2666
3766
4294
5303
1876
4891
2543
4493
4197
3753
4652
5379
3880
3433
4318
4140
1329
4078
5542
3251
4669
1528
2247
3082
1170
4298
4541
4858
3294
1468
4383
2092
2859
5258
3951
1820
4774
1361
1069
3755
334
2502
1569
4349
5916
3446
274
5624
207
2281
5323
642
5835
3345
439
3918
574
3505
5165
4112
1759
5598
4305
1338
2030
3167
2044
413
3534
1702
270
2378
3888
2360
4988
4435
1322
5714
2321
1635
3260
2157
1453
4022
2319
2733
210
3500
4177
633
3303
1092
4166
4797
3023
2496
4282
4086
4883
640
2940
107
894
2210
72
4962
797
2701
5925
2895
43
4091
4169
1828
1988
2475
323
5735
772
3771
3933
124
2865
983
2271
3889
1211
4106
5363
5111
4411
4273
2422
3042
3594
5215
4818
5290
4687
1284
1902
5591
3349
1698
4572
2836
4073
7
3523
1857
3360
2816
2222
2850
5577
2722
3822
3284
1831
3801
2270
5744
3524
3009
3616
660
4709
511
4785
837
4333
3037
4514
3805
5637
5799
3266
786
853
1606
3665
4415
1764
1641
303
4459
534
2619
3857
5170
949
3233
2403
1568
2628
648
2003
5224
3280
3887
3924
5887
496
2977
2724
5998
3421
5657
2427
687
4532
405
4537
2162
4324
5222
5326
1891
374
1920
2698
1577
5467
4189
1667
2663
2842
4342
276
5729
1266
1020
4951
4542
3199
769
141
1094
883
494
2960
5512
422
5044
5078
2877
5893
4798
4244
2324
416
3940
2258
2574
683
4566
964
2410
5509
4592
1005
5739
2386
4148
541
5888
1449
4766
4635
552
5053
903
2453
2140
5693
3586
3205
2643
5882
811
3716
1903
160
5904
21
4108
4666
3981
2175
851
5655
169
4368
5802
3533
732
2230
2650
4649
2556
515
90
5155
2265
560
4538
4055
2159
5103
525
1663
876
2372
2373
4640
4747
4727
1647
4460
4643
4328
1634
3227
5062
1755
4265
3263
3313
2919
805
5407
1753
847
4684
3498