4964
157
2374
3617
2833
2413
388
3642
3468
3331
2537
1830
4923
1718
333
2120
1995
4365
3618
3234
3992
11
1341
4240
824
190
165
2012
3772
3897
3739
1206
2354
1785
2670
1698
4066
2100
702
2502
2741
3501
3200
4704
1258
726
3735
1149
4595
4068
1867
3239
4613
2553
1829
2952
2761
3202
2866
1203
2202
3605
3012
1236
4020
2163
4789
583
4252
1445
2341
3515
2242
1454
3102
3128
3607
4747
4482
370
1621
2132
2632
397
656
469
379
4192
4535
4785
4074
430
3177
4280
393
1130
4827
1716
175
1389
4509
3621
510
441
4353
434
628
2957
1912
936
580
3023
426
2131
3378
4399
1662
2859
2189
1797
2750
3101
3793
3494
4925
4079
1213
1279
2503
878
4977
2340
506
1854
2513
946
826
3196
1230
3063
2209
4569
3649
4937
3492
4784
3827
1777
3041
3475
1397
1251
1759
2167
2984
1315
2851
2450
481
3979
472
4430
991
697
2473
3435
1320
1180
4895
4169
2911
359
2782
875
118
830
4677
4072
2715
3919
3287
827
3593
2539
867
4654
363
3160
3894
349
2249
3337
1907
1199
1526
4689
2364
2411
647
1650
3766
2628
4942
1276
2392
1158
2282
74
335
3171
204
132
2518
3125
4200
166
2641
3702
3569
2109
2533
1300
3313
1081
4265
211
6
799
3079
1668
3551
3913
65
3408
4934
3790
772
1313
1117
257
4909
3226
1545
3836
2654
416
4404
4838
2034
3810
3804
2570
1114
794
194
623
3615
4751
3147
2568
3971
3031
4149
60
4379
3490
4989
972
1683
3486
184
940
2128
3423
4111
1965
4850
2501
1922
4103
4224
2482
2751
2406
122
3725
1017
831
777
4517
226
3340
529
3937
1575
1480
1989
18
1062
2435
1233
2152
635
1942
782
3478
4045
1856
3712
3638
2978
1709
4725
945
3464
1762
1788
2252
206
4219
169
4504
4508
2658
3074
4683
556
4457
1581
76
843
4856
413
1482
2645
1164
2666
832
903
2825
4573
2075
4828
4131
3794
364
1811
338
1100
2258
4706
2014
3932
4914
4567
3344
3181
4004
4362
1871
2429
4443
105
3720
941
616
1264
1394
2561
4560
1673
3054
4300
1248
4803
1556
1449
2053
2494
1981
965
4282
1857
2489
3612
343
3848
319
1368
3578
1504
2932
3951
4201
2894
957
4571
3360
4577
389
1376
2783
1257
2480
2319
3235
4684
279
1456
1179
3704
470
4230
2758
605
760
3292
307
3534
2313
1145
4357
3187
1042
4434
2976
3233
1974
2308
3669
2080
4908
2215
717
4582
4108
12
4003
3613
4212
2422
836
4588
4326
200
2335
2588
1430
2881
3637
2512
2049
924
273
2272
2527
1452
4816
4318
4696
1808
4014
2312
4556
802
754
4585
3987
2771
4621
1671
2563
4122
1181
745
1783
3652
3215
4749
3297
3249
2928
2470
2116
2295
4885
4375
156
2821
82
1688
4744
2097
2805
3768
2990
1290
4742
4229
4237