4964
157
2374
3617
2833
2413
388
3642
3468
3331
2537
1830
4923
1718
333
2120
1995
4365
3618
3234
3992
11
1341
4240
824
190
165
2012
3772
3897
3739
1206
2354
1785
2670
1698
4066
2100
702
2502
2741
3501
3200
4704
1258
726
3735
1149
4595
4068
1867
3239
4613
2553
1829
2952
2761
3202
2866
1203
2202
3605
3012
1236
4020
2163
4789
583
4252
1445
2341
3515
2242
1454
3102
3128
3607
4747
4482
370
1621
2132
2632
397
656
469
379
4192
4535
4785
4074
430
3177
4280
393
1130
4827
1716
175
1389
4509
3621
510
441
4353
434
628
2957
1912
936
580
3023
426
2131
3378
4399
1662
2859
2189
1797
2750
3101
3793
3494
4925
4079
1213
1279
2503
878
4977
2340
506
1854
2513
946
826
3196
1230
3063
2209
4569
3649
4937
3492
4784
3827
1777
3041
3475
1397
1251
1759
2167
2984
1315
2851
2450
481
3979
472
4430
991
697
2473
3435
1320
1180
4895
4169
2911
359
2782
875
118
830
4677
4072
2715
3919
3287
827
3593
2539
867
4654
363
3160
3894
349
2249
3337
1907
1199
1526
4689
2364
2411
647
1650
3766
2628
4942
1276
2392
1158
2282
74
335
3171
204
132
2518
3125
4200
166
2641
3702
3569
2109
2533
1300
3313
1081
4265
211
6
799
3079
1668
3551
3913
65
3408
4934
3790
772
1313
1117
257
4909
3226
1545
3836
2654
416
4404
4838
2034
3810