4964
157
2374
3617
2833
2413
388
3642
3468
3331
2537
1830
4923
1718
333
2120
1995
4365
3618
3234
3992
11
1341
4240
824
190
165
2012
3772
3897
3739
1206
2354
1785
2670
1698
4066
2100
702
2502
2741
3501
3200
4704
1258
726
3735
1149
4595
4068
1867
3239
4613
2553
1829
2952
2761
3202
2866
1203
2202
3605
3012
1236
4020
2163
4789
583
4252
1445
2341
3515
2242
1454
3102
3128
3607
4747
4482
370
1621
2132
2632
397
656
469
379
4192
4535
4785
4074
430
3177
4280
393
1130
4827
1716
175
1389
4509
3621
510
441
4353
434
628
2957
1912
936
580
3023
426
2131
3378
4399
1662
2859
2189
1797
2750
3101
3793
3494
4925
4079
1213
1279
2503
878
4977
2340
506
1854
2513
946
826
3196
1230
3063
2209
4569
3649
4937
3492
4784
3827
1777
3041
3475
1397
1251
1759
2167
2984
1315
2851
2450
481
3979
472
4430
991
697
2473
3435
1320
1180
4895
4169
2911
359
2782
875
118
830
4677
4072
2715
3919
3287
827
3593
2539
867
4654
363
3160
3894
349
2249
3337
1907
1199
1526
4689
2364
2411
647
1650
3766
2628
4942
1276
2392
1158
2282
74
335
3171
204
132
2518
3125
4200
166
2641
3702
3569
2109
2533
1300
3313
1081
4265
211
6
799
3079
1668
3551
3913
65
3408
4934
3790
772
1313
1117
257
4909
3226
1545
3836
2654
416
4404
4838
2034
3810
3804
2570
1114
794
194
623
3615
4751
3147
2568
3971
3031
4149
60
4379
3490
4989
972
1683
3486
184
940
2128
3423
4111
1965
4850
2501
1922
4103
4224
2482
2751
2406
122
3725
1017
831
777
4517
226
3340
529
3937
1575
1480
1989
18
1062
2435
1233
2152
635
1942
782
3478
4045
1856
3712
3638
2978
1709
4725
945
3464
1762
1788
2252
206
4219
169
4504
4508
2658
3074
4683
556
4457
1581
76
843
4856
413
1482
2645
1164
2666
832
903
2825
4573
2075
4828
4131
3794
364
1811
338
1100
2258
4706
2014
3932
4914
4567
3344
3181
4004
4362
1871
2429
4443
105
3720
941
616
1264
1394
2561
4560
1673
3054
4300
1248
4803
1556
1449
2053
2494
1981
965
4282
1857
2489
3612
343
3848
319
1368
3578
1504
2932
3951
4201
2894
957
4571
3360
4577
389
1376
2783
1257
2480
2319
3235
4684
279
1456
1179
3704
470
4230
2758
605
760
3292
307
3534
2313
1145
4357
3187
1042
4434
2976
3233
1974
2308
3669
2080
4908
2215
717
4582
4108
12
4003
3613
4212
2422
836
4588
4326
200
2335
2588
1430
2881
3637
2512
2049
924
273
2272
2527
1452
4816
4318
4696
1808
4014
2312
4556
802
754
4585
3987
2771
4621
1671
2563
4122
1181
745
1783
3652
3215
4749
3297
3249
2928
2470
2116
2295
4885
4375
156
2821
82
1688
4744
2097
2805
3768
2990
1290
4742
4229
4237
4308
4302
502
825
1705
1286
4563
3667
4907
2756
2038
4755
383
4904
3381
756
503
883
4180
3519
1757
4062
2828
3997
3767
4140
4431
4651
3990
1183
2868
3645
238
2043
2871
1467
2662
2253
16
758
753
3925
2920
776
4343
3870
1091
1465
1040
1664
3931
3357
1855
2845
4514
3469
1363
1952
3217
900
3430
4048
2416
1294
3749
3065
4507
2145
3391
4208
1538
4591
3757
1355
4336
2309
4238
197
4830
4445
4197
1505
2088
3237
345
1071
683
4018
2375
3729
4393
3182
1288
3831
1798
420
4604
4063
1499
1823
1260
4888
3553
2927
4804
3256
97
4411
1681
4246
3382
2039
3935
4538
2029
1489
1537
4849
963
577
4232
1731
3170
4965
1721
4228
4421
2499
32
586
4813
2457
3700
2425
4042
4877
4940
886
4396
4416
2584
4267
951
3411
2119
1623
3278
1774
3835
1794
4928
2747
116
1243
2187
92
1382
2437
1303
1940
3770
3021
2233
3286
4655
3334
1714
3014
4917
17
1906
1800
1379
4490
3625
4184
2430
2223
2687
868
559
939
4568
138
2478
1406
4649
535
3271
95
2170
3695
4778
3223
3947
2305
1713
2466
4013
3077
1216
2452
1961
1410
3708
3392
1978
4966
3049
992
189
3274
3409
2316
3003
146
2733
2003
3216
2201
2998
3609
4084
2955
2434
246
2487
1381
1963
1469
3388
4147
483
1262
2719
1366
392
935
1124
1585
4157
4181
3857
3945
439
4174
1472
1506
4036
2294
2095
1880
989
1351
55
3899
2321
4177
3326
1635
2936
456
3075
2121
4439
3164
265
3868
1226
685
3368
587
2604
1132
259
2165
294
2716
2208
3463
4575
2259
1405
2481
2301
1976
1083
4465
2755
3583
3821
1093
2816
2471
2679
2892
3436
199
952
2924
4692
1953
3532
2245
3628
1307
3995
3380
1752
2020
3807
3715
1810
4386
4900
2031
4920
4361
375
1691
331
477
3401
300
2069
1932
1993
2506
4729
1340
2445
3993
1971
4757
3572
3254
701
3906
2148
1750
4676
1141
2799
3203
1624
1755
1902
4337
3933
4665
2776
4242
1393
709
820
2854
4022
3277
4173
959
142
1475
670
1096
3474
3306
4701
1535
1329
3511
2099
4037
1789
3275
4083
3977
2405
3716
3866
3944
2035
3855
3445
2251
3242
3686
3791
1586
1098
4876
4738
4204
4518
4787
2395
2002
2296
468
4995
3134
1596
1321
4370
4172
1102
26
899
3427
642
1468
1222
4533
1816
4584
629
1306
4540
1031
2397
4198
4722
1225
4597
1170
2808
4968
4539
4858
1153
3705
919
3153
440
2169
3619
236
3851
3199
705
796
373
1374
1733
2712
70
3212
2164
775
4566
4135
2665
819
975
33
2307
847
3588
1362
4059
1079
458
1036
396
2727
336
1401
2813
3802
818
3798
476
2852
3166
1618
4008
2369
624
2983
1085
872
444
4183
278
1070
3175
3258
1474
4640
1893
495
1063
1076
2637
3191
1346
3753
367
1316
3504
1725